0 0.404741 0.642339 0.075633 0.651588
0 0.947808 0.168052 0.051448 0.300772
0 0.995676 0.671876 0.008649 0.515745
0 0.995380 0.605263 0.009239 0.616259
0 0.570460 0.222920 0.075997 0.423961
0 0.571129 0.224477 0.077499 0.417646
0 0.571103 0.220630 0.077448 0.425191
0 0.572745 0.224842 0.080391 0.404826
0 0.571407 0.223151 0.077904 0.427216
0 0.572104 0.219777 0.079403 0.416244
0 0.570310 0.226221 0.075897 0.418735
0 0.570008 0.227576 0.075476 0.413501
0 0.360936 0.048833 0.090004 0.097666
0 0.571080 0.227289 0.077442 0.422760
0 0.356572 0.048363 0.091527 0.096725
